1
2225O OO OO O
6
ニャオハVtube
6
AAA
2 B
Dragon
A
RR★kit kat
RR★
8 みらVtube
C
D
11
CC
12 Boing
39
28
28
28
27
19
15
13
13
LO
6, 14, 17,1001, 17,1001, 925,14, 925
1, 36, 17,64, 17,64, 62,36, 62
2225O, 33, 91,70, 91,69, 369,32, 369
OO, 32, 410,68, 410,67, 522,31, 522
OO, 31, 560,67, 560,67, 602,31, 602
O, 31, 636,67, 636,67, 677,31, 677
6, 29, 406,73, 406,73, 451,29, 451
ニャオハ, 196, 27,328, 27,328, 55,196, 55
Vtube, 328, 27,444, 27,444, 55,328, 55
6, 32, 485,72, 485,72, 526,32, 526
AAA, 194, 106,280, 107,280, 133,194, 132
2, 31, 251,75, 252,74, 291,30, 290
B, 188, 254,232, 255,231, 294,187, 293
Dragon, 194, 183,334, 184,334, 215,194, 214
A, 193, 339,226, 339,226, 366,193, 366
RR, 195, 419,249, 419,249, 445,195, 445
★, 253, 419,281, 419,281, 445,253, 445
kit, 284, 419,331, 419,331, 445,284, 445
kat, 344, 419,406, 419,406, 445,344, 445
RR, 194, 497,248, 497,248, 523,194, 523
★, 252, 497,280, 497,280, 523,252, 523
8, 29, 563,74, 563,74, 605,29, 605
みら, 196, 574,263, 574,263, 600,196, 600
Vtube, 261, 574,378, 574,378, 600,261, 600
C, 193, 652,224, 652,224, 679,193, 679
D, 194, 730,222, 730,222, 754,194, 754
11, 16, 796,87, 796,87, 839,16, 839
CC, 196, 809,251, 809,251, 833,196, 833
12, 17, 873,90, 875,89, 919,16, 917
Boing, 195, 878,305, 881,304, 924,194, 921
39, 949, 32,996, 32,996, 62,949, 62
28, 947, 107,995, 107,995, 140,947, 140
28, 947, 186,995, 186,995, 218,947, 218
28, 946, 262,996, 262,996, 295,946, 295
27, 946, 340,1001, 340,1001, 373,946, 373
19, 950, 420,998, 420,998, 448,950, 448
15, 954, 577,999, 577,999, 608,954, 608
13, 953, 653,996, 653,996, 680,953, 680
13, 951, 731,997, 731,997, 760,951, 760
LO, 976, 884,992, 884,992, 916,976, 916
6, 973, 887,997, 887,997, 915,973, 915
