1
23456789
10
11
12
RR★
VETTEL
Nugget1203
XSS
LISA
Y
VE Yersn
No.9
L
Yuu Dia
rsss
RR★
AK
NV
D
a
a
23
36
26
N
1
19
15
17
22
14
31, 16, 13,670, 13,670, 609,16, 609
1, 30, 13,51, 13,51, 44,30, 44
23456789, 53, 65,53, 447,27, 447,27, 65
10, 18, 476,69, 477,68, 505,17, 504
11, 18, 528,67, 528,67, 556,18, 556
12, 19, 581,69, 582,69, 608,19, 607
RR, 135, 22,171, 22,171, 39,135, 39
★, 173, 22,193, 22,193, 39,173, 39
VETTEL, 136, 72,237, 72,237, 91,136, 91
Nugget1203, 136, 124,288, 123,288, 143,136, 144
XSS, 135, 180,179, 180,179, 194,135, 194
LISA, 136, 228,195, 228,195, 245,136, 245
Y, 134, 278,155, 278,155, 296,134, 296
VE, 135, 330,170, 330,170, 348,135, 348
Yersn, 179, 330,265, 330,265, 348,179, 348
No.9, 135, 382,193, 382,193, 399,135, 399
L, 134, 433,153, 433,153, 451,134, 451
Yuu, 135, 484,182, 484,182, 504,135, 504
Dia, 191, 484,233, 484,233, 504,191, 504
rsss, 135, 539,190, 539,190, 554,135, 554
RR, 135, 589,171, 588,172, 605,136, 606
★, 172, 587,191, 586,192, 603,173, 604
AK, 428, 66,428, 94,411, 94,411, 66
NV, 450, 66,450, 95,433, 95,433, 66
D, 409, 166,460, 171,457, 203,406, 198
a, 408, 273,461, 274,461, 301,408, 300
a, 408, 375,463, 375,463, 404,408, 404
23, 633, 23,665, 23,665, 44,633, 44
36, 633, 72,667, 72,667, 96,633, 96
26, 631, 125,664, 123,666, 146,633, 149
N, 648, 176,648, 200,635, 200,635, 176
1, 652, 232,662, 232,662, 248,652, 248
19, 635, 281,667, 281,667, 301,635, 301
15, 636, 331,667, 331,667, 351,636, 351
17, 633, 382,670, 382,670, 404,633, 404
22, 632, 435,665, 435,665, 456,632, 456
14, 633, 488,665, 488,665, 505,633, 505
31, 633, 590,662, 590,662, 609,633, 609
