1234 0
5
5
7
8
9
10
11
12
RR★
Nugget1203
VETTEL
RR★
Y
XSS
VE Yersnd
Yuu Dia
No.9
rsss
LISA

Z
IK
a
62
56
55
51
44
44
43
38
29
25
23
22, 15, 17,667, 17,667, 613,15, 613
1234, 54, 17,54, 192,28, 192,28, 17
0, 54, 425,54, 455,28, 455,28, 425
5, 26, 222,53, 222,53, 248,26, 248
5, 25, 274,53, 274,53, 301,25, 301
7, 26, 326,55, 326,55, 353,26, 353
8, 25, 376,56, 376,56, 404,25, 404
9, 25, 428,55, 428,55, 457,25, 457
10, 16, 480,67, 479,68, 507,17, 508
11, 16, 531,66, 531,66, 561,16, 561
12, 16, 582,67, 582,67, 611,16, 611
RR, 135, 23,169, 23,169, 41,135, 41
★, 172, 23,191, 23,191, 40,172, 40
Nugget1203, 135, 74,287, 73,287, 94,135, 95
VETTEL, 135, 126,239, 126,239, 145,135, 145
RR, 134, 179,169, 178,170, 196,135, 197
★, 171, 177,191, 176,192, 194,172, 195
Y, 132, 230,155, 230,155, 248,132, 248
XSS, 134, 285,178, 285,178, 298,134, 298
VE, 135, 383,170, 383,170, 401,135, 401
Yersnd, 178, 383,283, 384,283, 402,178, 401
Yuu, 134, 435,181, 435,181, 454,134, 454
Dia, 191, 435,231, 435,231, 454,191, 454
No.9, 135, 487,192, 487,192, 503,135, 503
rsss, 134, 542,188, 542,188, 555,134, 555
LISA, 135, 590,193, 590,193, 607,135, 607
, 408, 70,459, 70,459, 95,408, 95
Z, 427, 119,427, 135,411, 135,411, 119
IK, 425, 137,451, 137,451, 149,425, 149
a, 406, 274,463, 274,463, 304,406, 304
62, 632, 25,663, 25,663, 45,632, 45
56, 632, 76,665, 76,665, 97,632, 97
55, 631, 127,665, 127,665, 148,631, 148
51, 630, 177,665, 183,661, 206,626, 200
44, 631, 233,665, 233,665, 250,631, 250
44, 630, 284,664, 284,664, 301,630, 301
43, 631, 335,665, 335,665, 354,631, 354
38, 633, 385,664, 385,664, 405,633, 405
29, 631, 436,665, 437,664, 459,630, 458
25, 632, 488,664, 488,664, 509,632, 509
23, 631, 540,665, 540,665, 560,631, 560
22, 631, 591,664, 591,664, 613,631, 613
