1 ニャオハVtube
AAA
23 4565
6
RR★kit kat
5 B
A
6 みらVtube
9
10
11
12
RR★
Dragon
CC
D
Boing
C
O
SO
115
90
17
84
81
81
81
74
65
63, 12, 3,812, 3,812, 740,12, 740
1, 30, 10,51, 10,51, 42,30, 42
ニャオハ, 160, 10,306, 11,306, 44,160, 43
Vtube, 304, 11,434, 12,434, 44,304, 43
AAA, 160, 76,254, 76,254, 105,160, 105
23, 25, 71,56, 71,56, 161,25, 161
4565, 25, 197,56, 197,55, 543,24, 543
6, 26, 326,57, 326,57, 359,26, 359
RR, 160, 138,217, 138,217, 167,160, 167
★, 223, 138,253, 138,253, 167,223, 167
kit, 258, 138,310, 138,310, 167,258, 167
kat, 324, 139,393, 139,393, 168,324, 168
5, 27, 264,57, 264,57, 295,27, 295
B, 158, 264,190, 264,190, 295,158, 295
A, 157, 327,195, 327,195, 357,157, 357
6, 26, 389,57, 389,57, 422,26, 422
みら, 160, 389,233, 389,233, 422,160, 422
Vtube, 233, 389,361, 389,361, 422,233, 422
9, 25, 515,58, 515,58, 549,25, 549
10, 13, 579,76, 579,76, 610,13, 610
11, 14, 642,68, 642,68, 674,14, 674
12, 13, 704,75, 703,75, 736,13, 737
RR, 160, 202,220, 201,220, 231,160, 232
★, 222, 202,255, 202,255, 231,222, 231
Dragon, 160, 453,311, 455,311, 486,160, 484
CC, 160, 517,225, 517,225, 546,160, 546
D, 159, 579,191, 579,191, 610,159, 610
Boing, 161, 642,279, 642,279, 674,161, 674
C, 157, 702,189, 702,189, 734,157, 734
O, 661, 633,661, 678,621, 678,621, 633
SO, 776, 3,805, 3,806, 110,777, 110
115, 710, 8,807, 8,807, 44,710, 44
90, 743, 70,812, 72,811, 110,742, 108
17, 767, 134,811, 134,811, 171,767, 171
84, 741, 260,804, 260,804, 296,741, 296
81, 741, 324,801, 324,801, 360,741, 360
81, 742, 387,799, 387,799, 423,742, 423
81, 741, 449,800, 449,800, 485,741, 485
74, 748, 573,807, 574,806, 611,747, 610
65, 743, 637,807, 637,807, 678,743, 678
63, 743, 700,806, 700,806, 739,743, 739
