1
2
234567
AD
BUR NG[y] X
5
【y】 タコ
NX | くさあん
yl
10
11
12
100%
SRGANIC
NX☆さわさわ
【y】 エンバ
【y】-
NX | しろねこ
NX
NXim
IWM イワムー
【y】
ロ
a
HANTIFREEZE
・
ロ
ロ
15
26-38
Pream Glide
6
5
4
3
2
1, 8, 8,675, 8,675, 604,8, 604
1, 21, 10,41, 10,41, 33,21, 33
2, 17, 59,48, 60,47, 89,16, 88
234567, 44, 59,46, 350,20, 350,18, 59
AD, 22, 157,90, 185,80, 211,11, 183
BUR, 51, 166,87, 169,86, 180,50, 177
NG, 107, 165,134, 166,133, 193,106, 192
[, 140, 165,149, 165,148, 192,139, 192
y, 153, 166,163, 166,162, 193,152, 193
], 171, 166,181, 166,180, 193,170, 193
X, 204, 167,211, 167,210, 194,203, 194
5, 19, 215,42, 215,42, 240,19, 240
【, 139, 16,148, 16,148, 35,139, 35
y, 151, 16,167, 16,167, 35,151, 35
】, 169, 16,177, 16,177, 35,169, 35
タコ, 192, 16,234, 16,234, 35,192, 35
NX, 124, 66,162, 66,162, 87,124, 87
|, 173, 66,175, 66,175, 87,173, 87
くさあん, 187, 66,271, 67,271, 89,187, 88
yl, 146, 118,181, 118,181, 139,146, 139
10, 10, 472,58, 472,58, 497,10, 497
11, 9, 521,52, 521,52, 547,9, 547
12, 8, 573,61, 573,61, 604,8, 604
100, 264, 191,278, 190,279, 199,265, 200
%, 277, 190,286, 189,287, 197,278, 198
SRGANIC, 277, 200,319, 201,319, 209,277, 208
NX, 128, 221,163, 221,163, 240,128, 240
☆, 165, 221,185, 221,185, 240,165, 240
さわさ, 187, 221,248, 221,248, 240,187, 240
わ, 252, 221,273, 221,273, 240,252, 240
【, 139, 271,150, 271,150, 293,139, 293
y, 149, 270,167, 270,167, 292,149, 292
】, 168, 270,180, 270,180, 292,168, 292
エンバ, 208, 270,272, 270,272, 292,208, 292
【, 139, 324,148, 324,148, 343,139, 343
y, 150, 323,166, 323,166, 342,150, 342
】, 167, 323,177, 323,177, 342,167, 342
NX, 127, 375,162, 375,162, 396,127, 396
|, 171, 375,174, 375,174, 395,171, 395
しろねこ, 188, 375,270, 375,270, 395,188, 395
NX, 126, 426,164, 426,164, 444,126, 444
NXim, 127, 478,213, 477,213, 495,127, 496
IWM, 126, 531,176, 531,176, 549,126, 549
イワムー, 200, 531,287, 531,287, 549,200, 549
【, 138, 581,152, 581,152, 600,138, 600
y, 150, 581,167, 581,167, 600,150, 600
】, 168, 581,179, 581,179, 600,168, 600
ロ, 398, 8,450, 8,450, 35,398, 35
a, 400, 112,443, 113,443, 139,400, 138
HANTIFREEZE, 345, 203,402, 204,402, 214,345, 213
・, 398, 267,461, 266,462, 294,399, 295
ロ, 396, 369,463, 368,463, 397,396, 398
ロ, 393, 421,457, 422,457, 449,393, 448
15, 627, 16,656, 15,656, 36,627, 37
26-38, 656, 67,658, 242,636, 242,634, 67
Pream, 542, 200,608, 200,608, 216,542, 216
Glide, 620, 200,675, 200,675, 216,620, 216
6, 641, 327,657, 327,657, 345,641, 345
5, 641, 379,659, 379,659, 396,641, 396
4, 640, 431,656, 431,656, 447,640, 447
3, 643, 481,656, 481,656, 499,643, 499
2, 640, 533,655, 533,655, 551,640, 551
1, 644, 586,653, 586,653, 601,644, 601
