1
13456789
9
10
|11
12
【y】 タコ
NX | くさあん
NX イワムー
【y】 エンバペ
【y】
NX さわさわ
【y】 x
【y】
NXim
NX
【y】
NX | しろねこ
a
a
ロ
ロ
31
30
27
26
22
21
20
19
15
14
13
7, 1, 11,673, 11,673, 606,1, 606
1, 25, 11,38, 11,38, 35,25, 35
13456789, 48, 61,50, 448,23, 448,21, 61
9, 19, 422,49, 421,50, 450,20, 451
10, 11, 473,62, 474,62, 501,11, 500
|, 1, 525,10, 525,10, 552,1, 552
11, 13, 525,60, 525,60, 552,13, 552
12, 12, 575,63, 576,62, 606,11, 605
【, 139, 17,152, 17,152, 38,139, 38
y, 153, 16,169, 16,169, 37,153, 37
】, 172, 16,180, 16,180, 37,172, 37
タコ, 194, 15,236, 14,236, 36,194, 37
NX, 130, 68,165, 68,165, 88,130, 88
|, 175, 68,178, 68,178, 87,175, 87
くさあん, 189, 68,274, 67,274, 86,189, 87
NX, 130, 121,165, 121,165, 139,130, 139
イワムー, 189, 121,275, 121,275, 139,189, 139
【, 142, 170,152, 170,152, 192,142, 192
y, 154, 169,170, 169,170, 191,154, 191
】, 170, 169,180, 169,180, 191,170, 191
エンバペ, 211, 169,297, 169,297, 191,211, 191
【, 142, 223,152, 223,152, 242,142, 242
y, 153, 222,169, 222,169, 241,153, 241
】, 171, 222,184, 222,184, 241,171, 241
NX, 131, 275,165, 275,165, 293,131, 293
さわさ, 191, 275,252, 275,252, 293,191, 293
わ, 256, 275,277, 275,277, 293,256, 293
【, 141, 325,152, 325,152, 346,141, 346
y, 153, 324,170, 324,170, 345,153, 345
】, 171, 324,181, 324,181, 345,171, 345
x, 201, 324,222, 324,222, 345,201, 345
【, 141, 376,154, 376,154, 397,141, 397
y, 154, 376,172, 376,172, 397,154, 397
】, 172, 376,183, 376,183, 397,172, 397
NXim, 130, 431,216, 431,216, 447,130, 447
NX, 130, 481,167, 481,167, 498,130, 498
【, 142, 531,152, 531,152, 552,142, 552
y, 154, 531,171, 531,171, 552,154, 552
】, 173, 531,184, 531,184, 552,173, 552
NX, 131, 583,167, 583,167, 605,131, 605
|, 175, 583,177, 583,177, 605,175, 605
しろねこ, 193, 583,274, 583,274, 605,193, 605
a, 401, 166,457, 166,457, 194,401, 194
a, 402, 217,465, 219,464, 246,401, 244
ロ, 401, 268,461, 269,460, 297,400, 296
ロ, 400, 320,471, 321,471, 348,400, 347
31, 627, 18,656, 18,656, 39,627, 39
30, 627, 73,662, 73,662, 89,627, 89
27, 623, 123,663, 117,666, 140,627, 146
26, 627, 173,658, 173,658, 194,627, 194
22, 623, 225,660, 219,663, 244,627, 250
21, 625, 277,656, 277,656, 297,625, 297
20, 627, 328,659, 328,659, 347,627, 347
19, 630, 380,659, 380,659, 399,630, 399
15, 630, 431,659, 431,659, 452,630, 452
14, 631, 484,658, 484,658, 501,631, 501
13, 630, 534,660, 534,660, 553,630, 553
7, 646, 586,664, 586,664, 604,646, 604
