123456789
10
11
12
NX イワムー
NX | くさあん
【y】 タコ
NX☆さわさわ
【y】
NX
【y】
【y】 エンバペ
【y】 X
【y】
NXim
NX | しろねこ
add
105
95
4
80
77
75
74
72
67
63
58
2, 12, 9,664, 9,664, 608,12, 608
123456789, 49, 9,50, 453,23, 453,22, 9
10, 13, 473,64, 474,63, 502,12, 501
11, 15, 525,54, 523,55, 547,16, 549
12, 13, 577,64, 578,63, 608,12, 607
NX, 131, 19,167, 19,167, 37,131, 37
イワムー, 190, 19,277, 19,277, 37,190, 37
NX, 131, 70,165, 70,165, 90,131, 90
|, 175, 70,177, 70,177, 89,175, 89
くさあん, 191, 69,274, 68,274, 88,191, 89
【, 142, 123,153, 123,153, 143,142, 143
y, 154, 122,172, 122,172, 142,154, 142
】, 173, 122,181, 122,181, 142,173, 142
タコ, 195, 121,237, 120,237, 140,195, 141
NX, 131, 174,167, 174,167, 190,131, 190
☆, 168, 174,187, 174,187, 190,168, 190
さわさ, 191, 174,252, 174,252, 190,191, 190
わ, 256, 174,277, 174,277, 190,256, 190
【, 143, 223,156, 223,156, 244,143, 244
y, 155, 223,172, 223,172, 244,155, 244
】, 172, 223,184, 223,184, 244,172, 244
NX, 131, 276,168, 276,168, 294,131, 294
【, 142, 328,153, 327,154, 347,143, 348
y, 154, 327,172, 326,173, 346,155, 347
】, 171, 326,182, 325,183, 345,172, 346
【, 143, 378,153, 378,153, 399,143, 399
y, 154, 377,170, 377,170, 398,154, 398
】, 172, 377,182, 377,182, 398,172, 398
エンバペ, 212, 377,299, 376,299, 397,212, 398
【, 143, 429,152, 429,152, 450,143, 450
y, 153, 428,170, 428,170, 449,153, 449
】, 172, 428,181, 428,181, 449,172, 449
X, 202, 428,225, 428,225, 449,202, 449
【, 143, 481,154, 481,154, 500,143, 500
y, 155, 481,172, 481,172, 500,155, 500
】, 173, 481,184, 481,184, 500,173, 500
NXim, 131, 534,218, 534,218, 551,131, 551
NX, 132, 585,168, 585,168, 605,132, 605
|, 177, 585,179, 585,179, 605,177, 605
しろねこ, 193, 585,274, 585,274, 605,193, 605
add, 402, 403,403, 266,444, 266,443, 403
105, 613, 20,661, 20,661, 40,613, 40
95, 627, 71,663, 71,663, 93,627, 93
4, 644, 126,662, 126,662, 139,644, 139
80, 627, 176,661, 176,661, 193,627, 193
77, 630, 225,664, 225,664, 244,630, 244
75, 630, 277,661, 277,661, 298,630, 298
74, 632, 331,662, 331,662, 347,632, 347
72, 630, 380,659, 380,659, 400,630, 400
67, 628, 431,661, 431,661, 452,628, 452
63, 628, 483,660, 483,660, 503,628, 503
58, 629, 535,659, 535,659, 555,629, 555
2, 644, 589,659, 589,659, 606,644, 606
