TESAFELES
4
8
10
11
12
Giるがめっしゅだよ
K41
S☆azusa
XIV
WHEEL
nagi
ANO MOTORES
nanase
RR★
S
Godcake
SKETCH XIV
RR★
K Versan
55
24
15
31
BULLET BILL FIREAR
31
30
28
22
33
25
14, 8, 12,496, 12,496, 458,8, 458
TESAFELES, 39, 12,40, 340,13, 340,12, 12
4, 15, 127,36, 127,36, 148,15, 148
8, 14, 283,39, 283,39, 306,14, 306
10, 8, 360,46, 360,46, 380,8, 380
11, 9, 399,42, 399,42, 419,9, 419
12, 9, 438,46, 438,46, 458,9, 458
Gi, 97, 18,113, 18,113, 33,97, 33
るがめっしゅ, 116, 18,209, 17,209, 32,116, 33
だ, 214, 18,229, 18,229, 32,214, 32
よ, 230, 18,243, 18,243, 32,230, 32
K41, 97, 57,128, 57,128, 70,97, 70
S, 96, 97,109, 96,110, 111,97, 112
☆, 108, 96,124, 95,125, 110,109, 111
azusa, 124, 95,180, 92,181, 107,125, 110
XIV, 96, 134,127, 134,127, 147,96, 147
WHEEL, 86, 163,110, 162,110, 176,86, 177
nagi, 96, 174,134, 174,134, 189,96, 189
ANO, 136, 157,167, 157,167, 175,136, 175
MOTORES, 168, 157,240, 156,240, 173,168, 174
nanase, 98, 214,163, 213,163, 225,98, 226
RR, 96, 249,123, 248,123, 264,96, 265
★, 122, 249,139, 249,139, 264,122, 264
S, 96, 288,111, 288,111, 302,96, 302
Godcake, 96, 327,179, 327,179, 341,96, 341
SKETCH, 97, 366,174, 366,174, 379,97, 379
XIV, 182, 366,213, 366,213, 379,182, 379
RR, 96, 404,123, 404,123, 418,96, 418
★, 124, 404,139, 404,139, 418,124, 418
K, 93, 438,109, 438,109, 458,93, 458
Versan, 114, 438,183, 438,183, 458,114, 458
55, 467, 20,492, 20,492, 35,467, 35
24, 468, 58,491, 58,491, 73,468, 73
15, 468, 96,491, 95,492, 112,469, 113
31, 468, 135,491, 135,491, 149,468, 149
BULLET, 312, 154,382, 152,382, 168,312, 170
BILL, 381, 153,424, 152,424, 167,381, 168
FIREAR, 430, 151,484, 150,484, 166,430, 167
31, 468, 174,495, 174,495, 190,468, 190
30, 469, 213,493, 213,493, 228,469, 228
28, 468, 251,492, 251,492, 266,468, 266
22, 467, 289,492, 289,492, 304,467, 304
33, 469, 328,492, 328,492, 343,469, 343
25, 467, 366,494, 366,494, 383,467, 383
14, 469, 406,492, 406,492, 420,469, 420
