1234 CONCO
5
6
7
8
10
11
12
Giるがめっしゅだよ
K41
XIV
Godcake
nagi
nanase
RR★
SKETCH XIV
S
RR★
S☆azusa
K Yersn>>

a
a
a
88
83
78
76
70
60
57
54
50
46
45
31, 10, 9,666, 9,666, 610,10, 610
1234, 47, 11,47, 193,22, 193,22, 11
CONCO, 47, 270,47, 456,22, 456,22, 270
5, 20, 223,48, 223,48, 249,20, 249
6, 20, 273,50, 273,50, 301,20, 301
7, 23, 326,50, 326,50, 352,23, 352
8, 20, 376,51, 376,51, 405,20, 405
10, 11, 480,63, 480,63, 508,11, 508
11, 12, 530,62, 530,62, 557,12, 557
12, 12, 583,63, 583,63, 610,12, 610
Gi, 129, 22,157, 22,157, 41,129, 41
るがめっしゅ, 156, 22,283, 22,283, 41,156, 41
だ, 287, 22,307, 22,307, 41,287, 41
よ, 310, 22,328, 22,328, 41,310, 41
K41, 129, 75,173, 75,173, 92,129, 92
XIV, 129, 126,171, 125,171, 144,129, 145
Godcake, 131, 177,241, 178,241, 195,131, 194
nagi, 130, 231,183, 231,183, 249,130, 249
nanase, 131, 284,219, 284,219, 299,131, 299
RR, 130, 333,167, 333,167, 352,130, 352
★, 166, 333,190, 333,190, 352,166, 352
SKETCH, 130, 383,236, 383,236, 403,130, 403
XIV, 244, 383,288, 383,288, 403,244, 403
S, 129, 436,147, 436,147, 453,129, 453
RR, 130, 488,165, 488,165, 505,130, 505
★, 167, 488,187, 488,187, 505,167, 505
S, 130, 538,147, 538,147, 555,130, 555
☆, 149, 538,167, 538,167, 555,149, 555
azusa, 170, 538,242, 539,242, 556,170, 555
K, 130, 590,145, 590,145, 610,130, 610
Yersn, 154, 589,241, 587,241, 607,154, 609
>>, 242, 587,260, 587,260, 607,242, 607
, 404, 52,404, 10,443, 10,443, 52
a, 400, 69,467, 70,467, 99,400, 98
a, 401, 172,463, 173,463, 200,401, 199
a, 400, 274,463, 274,463, 305,400, 305
88, 627, 25,658, 25,658, 44,627, 44
83, 627, 77,660, 77,660, 96,627, 96
78, 630, 127,659, 127,659, 148,630, 148
76, 630, 179,658, 179,658, 198,630, 198
70, 630, 228,662, 229,661, 252,629, 251
60, 628, 283,661, 283,661, 303,628, 303
57, 627, 333,661, 333,661, 354,627, 354
54, 626, 386,661, 386,661, 406,626, 406
50, 627, 434,663, 436,662, 460,626, 458
46, 626, 488,659, 488,659, 507,626, 507
45, 626, 540,658, 540,658, 559,626, 559
31, 627, 592,656, 592,656, 610,627, 610
