1
1
3456789
10
11
12
f
RR★
RR★
AG
А
B
n
Antonio
nanase
B
Godcake
a
a
ZN
72
72
01
64
63
61
58
57
UN
01
51
47, 12, 10,667, 10,667, 606,12, 606
1, 27, 10,49, 10,49, 40,27, 40
1, 28, 61,50, 61,50, 92,28, 92
3456789, 51, 113,51, 446,24, 446,24, 113
10, 14, 473,66, 473,66, 502,14, 502
11, 13, 525,63, 524,64, 556,14, 557
12, 14, 575,65, 574,65, 605,14, 606
f, 131, 18,144, 18,144, 34,131, 34
RR, 132, 69,169, 69,169, 87,132, 87
★, 169, 69,190, 69,190, 87,169, 87
RR, 133, 121,169, 121,169, 138,133, 138
★, 170, 121,190, 121,190, 138,170, 138
AG, 150, 170,152, 237,135, 237,133, 170
А, 134, 172,149, 172,149, 189,134, 189
B, 131, 276,151, 276,151, 293,131, 293
n, 131, 382,152, 382,152, 396,131, 396
Antonio, 133, 430,229, 430,229, 447,133, 447
nanase, 134, 485,223, 485,223, 498,134, 498
B, 131, 533,151, 533,151, 549,131, 549
Godcake, 134, 583,243, 583,243, 601,134, 601
a, 405, 167,461, 166,461, 194,405, 195
a, 404, 371,466, 372,466, 400,404, 399
ZN, 424, 524,424, 555,407, 555,407, 524
72, 632, 18,662, 18,662, 38,632, 38
72, 632, 70,662, 70,662, 91,632, 91
01, 631, 196,631, 172,643, 172,643, 196
64, 630, 225,664, 226,664, 245,630, 244
63, 630, 276,664, 276,664, 296,630, 296
61, 630, 327,658, 327,658, 347,630, 347
58, 629, 378,663, 378,663, 398,629, 398
57, 629, 430,666, 430,666, 451,629, 451
UN, 630, 506,630, 482,643, 482,643, 506
01, 647, 504,647, 481,659, 481,659, 504
51, 629, 534,659, 534,659, 554,629, 554
47, 629, 585,662, 585,662, 605,629, 605
