1
2245 LO L 00 O
$2
2
5
5
9
Giるがめっしゅだよ
nagi
10
10
12
Godcake
nanase
RR★
XIV
8 s
SKETCH XIV
K Yersn
K41
RR★
S☆azusa
NA
40
29
29
23
22
22
22
13
12
#
5, 7, 10,842, 10,842, 762,7, 762
1, 29, 10,57, 10,57, 46,29, 46
2245, 24, 72,56, 72,56, 296,24, 296
LO, 24, 330,56, 330,56, 364,24, 364
L, 24, 397,56, 397,56, 419,24, 419
00, 24, 462,56, 462,56, 496,24, 496
O, 24, 524,56, 524,56, 565,24, 565
$, 7, 75,31, 75,31, 109,7, 109
2, 23, 74,61, 74,61, 108,23, 108
2, 24, 140,62, 140,62, 174,24, 174
5, 23, 334,57, 334,57, 368,23, 368
5, 24, 400,58, 400,58, 433,24, 433
9, 23, 529,60, 529,60, 565,23, 565
Gi, 162, 17,192, 17,192, 41,162, 41
るがめっしゅ, 195, 17,354, 17,354, 41,195, 41
だ, 360, 17,388, 17,388, 41,360, 41
よ, 388, 17,413, 17,413, 41,388, 41
nagi, 162, 85,228, 85,228, 109,162, 109
10, 13, 593,75, 593,75, 627,13, 627
10, 14, 660,76, 660,76, 693,14, 693
12, 13, 724,77, 724,77, 759,13, 759
Godcake, 161, 148,302, 148,302, 170,161, 170
nanase, 164, 216,276, 218,276, 237,164, 235
RR, 161, 278,207, 278,207, 301,161, 301
★, 208, 278,233, 278,233, 301,208, 301
XIV, 161, 341,215, 343,214, 367,160, 365
8, 25, 463,62, 464,61, 499,24, 498
s, 158, 466,190, 467,189, 502,157, 501
SKETCH, 162, 408,293, 408,293, 430,162, 430
XIV, 308, 408,363, 408,363, 430,308, 430
K, 161, 538,182, 538,182, 561,161, 561
Yersn, 193, 538,302, 538,302, 561,193, 561
K41, 162, 603,215, 603,215, 625,162, 625
RR, 162, 669,206, 669,206, 690,162, 690
★, 209, 669,234, 669,234, 690,209, 690
S, 162, 733,183, 733,183, 755,162, 755
☆, 185, 733,209, 733,209, 755,185, 755
azusa, 212, 732,304, 733,304, 756,212, 755
NA, 432, 338,444, 338,444, 348,432, 348
40, 788, 21,831, 21,831, 45,788, 45
29, 788, 85,829, 85,829, 111,788, 111
29, 788, 150,832, 151,831, 177,787, 176
23, 789, 216,829, 216,829, 242,789, 242
22, 788, 280,831, 280,831, 307,788, 307
22, 788, 344,831, 345,830, 373,787, 372
22, 788, 410,830, 410,830, 437,788, 437
13, 792, 542,831, 542,831, 566,792, 566
12, 792, 606,828, 606,828, 631,792, 631
#, 833, 356,833, 348,842, 348,842, 356
5, 808, 736,832, 736,832, 762,808, 762
