12245 N 00 00
6
7
8
8
10
10
12
Giるがめっしゅだよ
SKETCH XIV
Godcake
XIV
nanase
nagi
RR★
RR★
s
K41
K Yersn)
S☆azusa
I
30
17
17
15
14
1.3
9
9, 9, 6,833, 6,833, 758,9, 758
12245, 23, 6,54, 6,54, 297,23, 297
N, 23, 394,54, 394,54, 434,23, 434
00, 23, 461,54, 461,54, 498,23, 498
00, 23, 527,54, 527,54, 562,23, 562
6, 23, 333,58, 333,58, 369,23, 369
7, 24, 400,62, 400,62, 434,24, 434
8, 23, 465,60, 465,60, 498,23, 498
8, 21, 528,62, 528,62, 563,21, 563
10, 12, 591,78, 593,77, 630,11, 628
10, 12, 660,75, 661,74, 698,11, 697
12, 12, 724,74, 725,74, 758,12, 757
Gi, 161, 16,191, 16,191, 41,161, 41
るがめっしゅ, 193, 16,353, 16,353, 41,193, 41
だ, 359, 16,388, 16,388, 41,359, 41
よ, 387, 16,412, 16,412, 41,387, 41
SKETCH, 161, 84,292, 84,292, 106,161, 106
XIV, 307, 84,361, 84,361, 106,307, 106
Godcake, 161, 149,301, 149,301, 171,161, 171
XIV, 160, 213,214, 213,214, 236,160, 236
nanase, 162, 283,273, 282,273, 301,162, 302
nagi, 161, 345,229, 345,229, 370,161, 370
RR, 160, 408,205, 407,205, 431,160, 432
★, 206, 408,231, 408,231, 431,206, 431
RR, 160, 475,206, 475,206, 496,160, 496
★, 208, 475,232, 475,232, 496,208, 496
s, 157, 528,188, 528,188, 563,157, 563
K41, 160, 595,217, 597,216, 634,159, 632
K, 160, 662,184, 662,183, 699,159, 699
Yersn, 190, 662,306, 664,305, 701,189, 699
), 306, 664,326, 664,325, 701,305, 701
S, 160, 733,182, 733,182, 755,160, 755
☆, 184, 733,210, 733,210, 755,184, 755
azusa, 210, 733,304, 733,304, 755,210, 755
I, 513, 207,551, 207,551, 240,513, 240
30, 789, 20,829, 20,829, 46,789, 46
17, 790, 85,833, 85,833, 109,790, 109
17, 790, 150,831, 150,831, 174,790, 174
15, 791, 281,828, 281,828, 305,791, 305
14, 788, 346,829, 345,830, 368,789, 369
1.3, 789, 411,829, 412,829, 437,789, 436
9, 808, 606,831, 606,831, 631,808, 631
9, 810, 672,829, 672,829, 696,810, 696
